1 48 6 40 40
! 1
2 92 6 40 40
@ 2
3 136 6 40 40
# 3
4 180 6 40 40
$ 4
5 224 6 40 40
% 5
6 268 6 40 40
^ 6
7 312 6 40 40
& 7
8 356 6 40 40
* 8
9 400 6 40 40
( 9
0 444 6 40 40
) 0
- 488 6 40 40
_ -
= 532 6 40 40
+ =
q 64 50 40 40
w 108 50 40 40
e 152 50 40 40
r 196 50 40 40
t 240 50 40 40
y 284 50 40 40
u 328 50 40 40
i 372 50 40 40
o 416 50 40 40
p 460 50 40 40
[ 504 50 40 40
{ [
] 548 50 40 40
} ]
\ 592 50 40 40
| \
a 84 94 40 40
s 128 94 40 40
d 172 94 40 40
f 216 94 40 40
g 260 94 40 40
h 304 94 40 40
j 348 94 40 40
k 392 94 40 40
l 436 94 40 40
; 480 94 40 40
: ;
' 524 94 40 40
" '
z 104 138 40 40
x 148 138 40 40
c 192 138 40 40
v 236 138 40 40
b 280 138 40 40
n 324 138 40 40
m 368 138 40 40
, 412 138 40 40
< ,
. 456 138 40 40
> .
/ 500 138 40 40
? /
` 6 6 38 40
~ `
tab 6 50 40 40
caps 6 94 40 40
enter 568 94 64 40
L-shift 6 138 94 40
R-shift 544 138 88 40
back 572 6 54 40
\n enter